20100311|092600|000012J|南玻Ａ|19880|83|165
20100311|093100|000012J|南玻Ａ|19920|789|1566
20100311|093200|000012J|南玻Ａ|19970|65|130
20100311|093300|000012J|南玻Ａ|19970|350|699
20100311|093400|000012J|南玻Ａ|20000|593|1184
20100311|093500|000012J|南玻Ａ|19980|421|841
20100311|093600|000012J|南玻Ａ|19910|413|822
20100311|093700|000012J|南玻Ａ|19930|307|611
20100311|093800|000012J|南玻Ａ|19880|304|605
20100311|093900|000012J|南玻Ａ|19900|527|1049
20100311|094000|000012J|南玻Ａ|19900|599|1194
20100311|094100|000012J|南玻Ａ|19900|456|909
20100311|094200|000012J|南玻Ａ|19900|259|516
20100311|094300|000012J|南玻Ａ|19990|454|904
20100311|094400|000012J|南玻Ａ|20030|592|1184
20100311|094500|000012J|南玻Ａ|20060|90|181
20100311|094600|000012J|南玻Ａ|20150|491|989
20100311|094700|000012J|南玻Ａ|20100|191|385
20100311|094800|000012J|南玻Ａ|20100|291|584
20100311|094900|000012J|南玻Ａ|20010|511|1025
20100311|095000|000012J|南玻Ａ|20120|296|595
20100311|095100|000012J|南玻Ａ|20130|515|1036
20100311|095200|000012J|南玻Ａ|20250|558|1127
20100311|095300|000012J|南玻Ａ|20190|1127|2283
20100311|095400|000012J|南玻Ａ|20200|284|574
20100311|095500|000012J|南玻Ａ|20210|408|824
20100311|095600|000012J|南玻Ａ|20200|605|1222
20100311|095700|000012J|南玻Ａ|20180|328|663
20100311|095800|000012J|南玻Ａ|20200|1161|2347
20100311|095900|000012J|南玻Ａ|20250|332|672
20100311|100000|000012J|南玻Ａ|20240|614|1240
20100311|100100|000012J|南玻Ａ|20250|872|1765
20100311|100200|000012J|南玻Ａ|20250|315|638
20100311|100300|000012J|南玻Ａ|20350|1690|3430
20100311|100400|000012J|南玻Ａ|20350|193|392
20100311|100500|000012J|南玻Ａ|20350|526|1070
20100311|100600|000012J|南玻Ａ|20310|562|1143
20100311|100700|000012J|南玻Ａ|20330|417|849
20100311|100800|000012J|南玻Ａ|20270|590|1197
20100311|100900|000012J|南玻Ａ|20250|479|970
20100311|101000|000012J|南玻Ａ|20260|122|247
20100311|101100|000012J|南玻Ａ|20250|35|71
20100311|101200|000012J|南玻Ａ|20260|726|1468
20100311|101300|000012J|南玻Ａ|20250|128|259
20100311|101400|000012J|南玻Ａ|20200|233|472
20100311|101500|000012J|南玻Ａ|20150|324|654
20100311|101600|000012J|南玻Ａ|20170|149|300
20100311|101700|000012J|南玻Ａ|20180|138|279
20100311|101800|000012J|南玻Ａ|20200|224|453
20100311|101900|000012J|南玻Ａ|20210|448|905
20100311|102000|000012J|南玻Ａ|20240|92|186
20100311|102100|000012J|南玻Ａ|20190|433|874
20100311|102200|000012J|南玻Ａ|20150|266|536
20100311|102300|000012J|南玻Ａ|20130|706|1423
20100311|102400|000012J|南玻Ａ|20130|457|921
20100311|102500|000012J|南玻Ａ|20150|225|452
20100311|102600|000012J|南玻Ａ|20150|176|355
20100311|102700|000012J|南玻Ａ|20180|601|1212
20100311|102800|000012J|南玻Ａ|20180|299|604
20100311|102900|000012J|南玻Ａ|20210|151|306
20100311|103000|000012J|南玻Ａ|20240|117|237
20100311|103100|000012J|南玻Ａ|20240|422|854
20100311|103200|000012J|南玻Ａ|20180|132|267
20100311|103300|000012J|南玻Ａ|20150|181|364
20100311|103400|000012J|南玻Ａ|20170|173|349
20100311|103500|000012J|南玻Ａ|20130|184|370
20100311|103600|000012J|南玻Ａ|20130|600|1208
20100311|103700|000012J|南玻Ａ|20120|276|556
20100311|103800|000012J|南玻Ａ|20130|476|958
20100311|103900|000012J|南玻Ａ|20120|389|783
20100311|104000|000012J|南玻Ａ|20110|354|712
20100311|104100|000012J|南玻Ａ|20110|301|605
20100311|104200|000012J|南玻Ａ|20120|306|615
20100311|104300|000012J|南玻Ａ|20130|284|572
20100311|104400|000012J|南玻Ａ|20120|762|1533
20100311|104500|000012J|南玻Ａ|20110|691|1389
20100311|104600|000012J|南玻Ａ|20100|553|1111
20100311|104700|000012J|南玻Ａ|20000|568|1138
20100311|104800|000012J|南玻Ａ|20000|516|1031
20100311|104900|000012J|南玻Ａ|20010|277|555
20100311|105000|000012J|南玻Ａ|20050|426|852
20100311|105100|000012J|南玻Ａ|20020|191|382
20100311|105200|000012J|南玻Ａ|20020|207|415
20100311|105300|000012J|南玻Ａ|20100|695|1394
20100311|105400|000012J|南玻Ａ|20120|118|238
20100311|105500|000012J|南玻Ａ|20110|254|510
20100311|105600|000012J|南玻Ａ|20100|87|175
20100311|105700|000012J|南玻Ａ|20100|179|360
20100311|105800|000012J|南玻Ａ|20100|204|410
20100311|105900|000012J|南玻Ａ|20100|128|258
20100311|110000|000012J|南玻Ａ|20110|189|380
20100311|110100|000012J|南玻Ａ|20120|60|121
20100311|110200|000012J|南玻Ａ|20140|267|538
20100311|110300|000012J|南玻Ａ|20140|143|288
20100311|110400|000012J|南玻Ａ|20130|31|62
20100311|110500|000012J|南玻Ａ|20150|115|232
20100311|110600|000012J|南玻Ａ|20140|107|215
20100311|110700|000012J|南玻Ａ|20140|861|1738
20100311|110800|000012J|南玻Ａ|20150|398|803
20100311|110900|000012J|南玻Ａ|20220|54|109
20100311|111000|000012J|南玻Ａ|20170|119|240
20100311|111100|000012J|南玻Ａ|20170|53|107
20100311|111200|000012J|南玻Ａ|20160|31|63
20100311|111300|000012J|南玻Ａ|20130|474|955
20100311|111400|000012J|南玻Ａ|20130|467|939
20100311|111500|000012J|南玻Ａ|20130|152|306
20100311|111600|000012J|南玻Ａ|20190|41|83
20100311|111700|000012J|南玻Ａ|20170|29|59
20100311|111800|000012J|南玻Ａ|20150|292|588
20100311|111900|000012J|南玻Ａ|20170|83|167
20100311|112000|000012J|南玻Ａ|20150|56|112
20100311|112100|000012J|南玻Ａ|20130|125|252
20100311|112200|000012J|南玻Ａ|20130|78|158
20100311|112300|000012J|南玻Ａ|20100|285|573
20100311|112400|000012J|南玻Ａ|20080|227|456
20100311|112500|000012J|南玻Ａ|20060|141|283
20100311|112600|000012J|南玻Ａ|20000|1589|3182
20100311|112700|000012J|南玻Ａ|20000|1103|2206
20100311|112800|000012J|南玻Ａ|20000|118|236
20100311|112900|000012J|南玻Ａ|20000|226|452
20100311|113000|000012J|南玻Ａ|20040|75|150
20100311|130100|000012J|南玻Ａ|20030|386|774
20100311|130200|000012J|南玻Ａ|20070|17|34
20100311|130300|000012J|南玻Ａ|20070|62|124
20100311|130400|000012J|南玻Ａ|20070|47|95
20100311|130500|000012J|南玻Ａ|20050|185|371
20100311|130600|000012J|南玻Ａ|20050|52|104
20100311|130700|000012J|南玻Ａ|20010|137|274
20100311|130800|000012J|南玻Ａ|20010|93|187
20100311|130900|000012J|南玻Ａ|20000|95|190
20100311|131000|000012J|南玻Ａ|20000|619|1238
20100311|131100|000012J|南玻Ａ|20040|257|513
20100311|131200|000012J|南玻Ａ|20000|234|468
20100311|131300|000012J|南玻Ａ|20020|75|150
20100311|131400|000012J|南玻Ａ|20070|172|345
20100311|131500|000012J|南玻Ａ|20080|49|99
20100311|131600|000012J|南玻Ａ|20080|48|96
20100311|131700|000012J|南玻Ａ|20100|238|478
20100311|131800|000012J|南玻Ａ|20150|243|490
20100311|131900|000012J|南玻Ａ|20140|1386|2798
20100311|132000|000012J|南玻Ａ|20240|764|1543
20100311|132100|000012J|南玻Ａ|20200|569|1151
20100311|132200|000012J|南玻Ａ|20170|299|603
20100311|132300|000012J|南玻Ａ|20170|120|242
20100311|132400|000012J|南玻Ａ|20180|15|30
20100311|132500|000012J|南玻Ａ|20180|175|354
20100311|132600|000012J|南玻Ａ|20190|337|680
20100311|132700|000012J|南玻Ａ|20200|177|358
20100311|132800|000012J|南玻Ａ|20210|400|808
20100311|132900|000012J|南玻Ａ|20200|200|404
20100311|133000|000012J|南玻Ａ|20210|122|246
20100311|133100|000012J|南玻Ａ|20200|385|779
20100311|133200|000012J|南玻Ａ|20200|241|486
20100311|133300|000012J|南玻Ａ|20180|29|59
20100311|133400|000012J|南玻Ａ|20190|273|551
20100311|133500|000012J|南玻Ａ|20220|836|1689
20100311|133600|000012J|南玻Ａ|20330|2457|4984
20100311|133700|000012J|南玻Ａ|20450|2378|4845
20100311|133800|000012J|南玻Ａ|20450|685|1401
20100311|133900|000012J|南玻Ａ|20420|412|842
20100311|134000|000012J|南玻Ａ|20420|1360|2778
20100311|134100|000012J|南玻Ａ|20380|418|850
20100311|134200|000012J|南玻Ａ|20330|322|655
20100311|134300|000012J|南玻Ａ|20340|89|181
20100311|134400|000012J|南玻Ａ|20340|84|170
20100311|134500|000012J|南玻Ａ|20340|341|694
20100311|134600|000012J|南玻Ａ|20370|266|542
20100311|134700|000012J|南玻Ａ|20390|196|399
20100311|134800|000012J|南玻Ａ|20380|712|1453
20100311|134900|000012J|南玻Ａ|20380|264|539
20100311|135000|000012J|南玻Ａ|20370|127|258
20100311|135100|000012J|南玻Ａ|20380|165|336
20100311|135200|000012J|南玻Ａ|20400|290|591
20100311|135300|000012J|南玻Ａ|20440|644|1316
20100311|135400|000012J|南玻Ａ|20470|658|1346
20100311|135500|000012J|南玻Ａ|20490|1735|3555
20100311|135600|000012J|南玻Ａ|20510|609|1248
20100311|135700|000012J|南玻Ａ|20510|631|1296
20100311|135800|000012J|南玻Ａ|20490|791|1621
20100311|135900|000012J|南玻Ａ|20460|33|68
20100311|140000|000012J|南玻Ａ|20420|61|125
20100311|140100|000012J|南玻Ａ|20430|80|163
20100311|140200|000012J|南玻Ａ|20430|107|219
20100311|140300|000012J|南玻Ａ|20450|200|408
20100311|140400|000012J|南玻Ａ|20450|454|929
20100311|140500|000012J|南玻Ａ|20470|722|1480
20100311|140600|000012J|南玻Ａ|20480|624|1278
20100311|140700|000012J|南玻Ａ|20480|466|955
20100311|140800|000012J|南玻Ａ|20430|493|1007
20100311|140900|000012J|南玻Ａ|20400|355|725
20100311|141000|000012J|南玻Ａ|20420|258|527
20100311|141100|000012J|南玻Ａ|20450|705|1442
20100311|141200|000012J|南玻Ａ|20470|847|1732
20100311|141300|000012J|南玻Ａ|20500|811|1661
20100311|141400|000012J|南玻Ａ|20490|1090|2235
20100311|141500|000012J|南玻Ａ|20480|605|1240
20100311|141600|000012J|南玻Ａ|20490|502|1029
20100311|141700|000012J|南玻Ａ|20500|506|1037
20100311|141800|000012J|南玻Ａ|20500|2731|5609
20100311|141900|000012J|南玻Ａ|20650|1747|3605
20100311|142000|000012J|南玻Ａ|20750|2719|5626
20100311|142100|000012J|南玻Ａ|20750|1685|3498
20100311|142200|000012J|南玻Ａ|20700|872|1809
20100311|142300|000012J|南玻Ａ|20670|430|890
20100311|142400|000012J|南玻Ａ|20640|482|996
20100311|142500|000012J|南玻Ａ|20630|789|1628
20100311|142600|000012J|南玻Ａ|20600|1041|2146
20100311|142700|000012J|南玻Ａ|20580|551|1134
20100311|142800|000012J|南玻Ａ|20580|502|1034
20100311|142900|000012J|南玻Ａ|20650|1062|2191
20100311|143000|000012J|南玻Ａ|20670|1096|2266
20100311|143100|000012J|南玻Ａ|20720|1605|3321
20100311|143200|000012J|南玻Ａ|20680|605|1253
20100311|143300|000012J|南玻Ａ|20630|211|435
20100311|143400|000012J|南玻Ａ|20630|450|928
20100311|143500|000012J|南玻Ａ|20660|431|890
20100311|143600|000012J|南玻Ａ|20660|607|1255
20100311|143700|000012J|南玻Ａ|20680|1121|2317
20100311|143800|000012J|南玻Ａ|20880|8665|18012
20100311|143900|000012J|南玻Ａ|20940|2638|5514
20100311|144000|000012J|南玻Ａ|20920|1298|2718
20100311|144100|000012J|南玻Ａ|20900|1460|3053
20100311|144200|000012J|南玻Ａ|20830|961|2004
20100311|144300|000012J|南玻Ａ|20830|1047|2181
20100311|144400|000012J|南玻Ａ|20830|915|1908
20100311|144500|000012J|南玻Ａ|20840|444|925
20100311|144600|000012J|南玻Ａ|20810|512|1065
20100311|144700|000012J|南玻Ａ|20760|263|546
20100311|144800|000012J|南玻Ａ|20800|992|2063
20100311|144900|000012J|南玻Ａ|20840|1687|3513
20100311|145000|000012J|南玻Ａ|20850|1111|2317
20100311|145100|000012J|南玻Ａ|20940|5634|11784
20100311|145200|000012J|南玻Ａ|20950|1562|3272
20100311|145300|000012J|南玻Ａ|20900|1278|2675
20100311|145400|000012J|南玻Ａ|20840|1077|2249
20100311|145500|000012J|南玻Ａ|20880|765|1595
20100311|145600|000012J|南玻Ａ|20900|4179|8734
20100311|145700|000012J|南玻Ａ|20910|2675|5598
20100311|145800|000012J|南玻Ａ|20910|9|18
20100311|145900|000012J|南玻Ａ|20910|0|0
20100311|150000|000012J|南玻Ａ|20910|4539|9491
