20100311|092600|000002J|Ú∆A|9480|2168|2055
20100311|093100|000002J|Ú∆A|9450|3364|3185
20100311|093200|000002J|Ú∆A|9440|4094|3868
20100311|093300|000002J|Ú∆A|9420|3527|3326
20100311|093400|000002J|Ú∆A|9440|2216|2089
20100311|093500|000002J|Ú∆A|9460|2494|2355
20100311|093600|000002J|Ú∆A|9470|1822|1724
20100311|093700|000002J|Ú∆A|9490|1712|1624
20100311|093800|000002J|Ú∆A|9490|2166|2055
20100311|093900|000002J|Ú∆A|9480|2605|2472
20100311|094000|000002J|Ú∆A|9480|1422|1349
20100311|094100|000002J|Ú∆A|9480|2395|2270
20100311|094200|000002J|Ú∆A|9470|790|749
20100311|094300|000002J|Ú∆A|9490|5931|5630
20100311|094400|000002J|Ú∆A|9500|1102|1046
20100311|094500|000002J|Ú∆A|9530|2001|1905
20100311|094600|000002J|Ú∆A|9520|1534|1461
20100311|094700|000002J|Ú∆A|9540|2886|2752
20100311|094800|000002J|Ú∆A|9530|1752|1671
20100311|094900|000002J|Ú∆A|9530|1960|1868
20100311|095000|000002J|Ú∆A|9530|2284|2177
20100311|095100|000002J|Ú∆A|9550|3764|3591
20100311|095200|000002J|Ú∆A|9550|3468|3313
20100311|095300|000002J|Ú∆A|9560|2923|2792
20100311|095400|000002J|Ú∆A|9550|2233|2134
20100311|095500|000002J|Ú∆A|9540|1898|1811
20100311|095600|000002J|Ú∆A|9540|2187|2088
20100311|095700|000002J|Ú∆A|9540|1960|1869
20100311|095800|000002J|Ú∆A|9530|1033|985
20100311|095900|000002J|Ú∆A|9540|1314|1252
20100311|100000|000002J|Ú∆A|9540|1196|1141
20100311|100100|000002J|Ú∆A|9540|1282|1224
20100311|100200|000002J|Ú∆A|9550|2217|2116
20100311|100300|000002J|Ú∆A|9550|2343|2236
20100311|100400|000002J|Ú∆A|9550|1612|1540
20100311|100500|000002J|Ú∆A|9550|1803|1720
20100311|100600|000002J|Ú∆A|9540|1120|1069
20100311|100700|000002J|Ú∆A|9540|1483|1414
20100311|100800|000002J|Ú∆A|9540|916|874
20100311|100900|000002J|Ú∆A|9530|2275|2169
20100311|101000|000002J|Ú∆A|9520|800|762
20100311|101100|000002J|Ú∆A|9520|1588|1512
20100311|101200|000002J|Ú∆A|9520|1602|1526
20100311|101300|000002J|Ú∆A|9500|6269|5959
20100311|101400|000002J|Ú∆A|9500|2754|2616
20100311|101500|000002J|Ú∆A|9510|1200|1140
20100311|101600|000002J|Ú∆A|9500|1575|1497
20100311|101700|000002J|Ú∆A|9490|1804|1713
20100311|101800|000002J|Ú∆A|9490|2189|2079
20100311|101900|000002J|Ú∆A|9500|918|870
20100311|102000|000002J|Ú∆A|9490|2354|2233
20100311|102100|000002J|Ú∆A|9490|2227|2111
20100311|102200|000002J|Ú∆A|9480|1243|1179
20100311|102300|000002J|Ú∆A|9470|1244|1180
20100311|102400|000002J|Ú∆A|9470|1155|1094
20100311|102500|000002J|Ú∆A|9480|2273|2153
20100311|102600|000002J|Ú∆A|9460|2526|2393
20100311|102700|000002J|Ú∆A|9470|788|746
20100311|102800|000002J|Ú∆A|9480|2530|2397
20100311|102900|000002J|Ú∆A|9480|623|591
20100311|103000|000002J|Ú∆A|9490|563|534
20100311|103100|000002J|Ú∆A|9490|1207|1145
20100311|103200|000002J|Ú∆A|9500|1207|1146
20100311|103300|000002J|Ú∆A|9480|1113|1056
20100311|103400|000002J|Ú∆A|9480|944|895
20100311|103500|000002J|Ú∆A|9480|1895|1796
20100311|103600|000002J|Ú∆A|9480|1438|1362
20100311|103700|000002J|Ú∆A|9460|2372|2246
20100311|103800|000002J|Ú∆A|9450|8030|7589
20100311|103900|000002J|Ú∆A|9450|3112|2944
20100311|104000|000002J|Ú∆A|9450|1172|1107
20100311|104100|000002J|Ú∆A|9450|1451|1372
20100311|104200|000002J|Ú∆A|9460|1183|1119
20100311|104300|000002J|Ú∆A|9460|1316|1245
20100311|104400|000002J|Ú∆A|9450|1848|1748
20100311|104500|000002J|Ú∆A|9440|2460|2325
20100311|104600|000002J|Ú∆A|9440|2817|2660
20100311|104700|000002J|Ú∆A|9420|4496|4239
20100311|104800|000002J|Ú∆A|9420|3787|3568
20100311|104900|000002J|Ú∆A|9410|9147|8610
20100311|105000|000002J|Ú∆A|9410|4459|4197
20100311|105100|000002J|Ú∆A|9420|1881|1773
20100311|105200|000002J|Ú∆A|9430|1237|1165
20100311|105300|000002J|Ú∆A|9420|3208|3023
20100311|105400|000002J|Ú∆A|9440|1557|1469
20100311|105500|000002J|Ú∆A|9460|2577|2438
20100311|105600|000002J|Ú∆A|9470|1267|1199
20100311|105700|000002J|Ú∆A|9450|1113|1052
20100311|105800|000002J|Ú∆A|9440|580|546
20100311|105900|000002J|Ú∆A|9450|919|868
20100311|110000|000002J|Ú∆A|9440|843|796
20100311|110100|000002J|Ú∆A|9440|649|612
20100311|110200|000002J|Ú∆A|9440|1929|1823
20100311|110300|000002J|Ú∆A|9440|782|738
20100311|110400|000002J|Ú∆A|9440|503|476
20100311|110500|000002J|Ú∆A|9440|1029|972
20100311|110600|000002J|Ú∆A|9450|2438|2303
20100311|110700|000002J|Ú∆A|9450|2397|2265
20100311|110800|000002J|Ú∆A|9440|3239|3059
20100311|110900|000002J|Ú∆A|9450|617|583
20100311|111000|000002J|Ú∆A|9440|926|874
20100311|111100|000002J|Ú∆A|9430|449|424
20100311|111200|000002J|Ú∆A|9430|851|803
20100311|111300|000002J|Ú∆A|9430|1448|1365
20100311|111400|000002J|Ú∆A|9430|1354|1277
20100311|111500|000002J|Ú∆A|9440|2009|1895
20100311|111600|000002J|Ú∆A|9430|234|221
20100311|111700|000002J|Ú∆A|9430|1057|997
20100311|111800|000002J|Ú∆A|9440|449|424
20100311|111900|000002J|Ú∆A|9440|2358|2226
20100311|112000|000002J|Ú∆A|9440|1097|1035
20100311|112100|000002J|Ú∆A|9430|1022|964
20100311|112200|000002J|Ú∆A|9420|3301|3114
20100311|112300|000002J|Ú∆A|9420|1064|1003
20100311|112400|000002J|Ú∆A|9410|2139|2014
20100311|112500|000002J|Ú∆A|9410|5227|4919
20100311|112600|000002J|Ú∆A|9420|1088|1025
20100311|112700|000002J|Ú∆A|9420|2714|2554
20100311|112800|000002J|Ú∆A|9410|1153|1085
20100311|112900|000002J|Ú∆A|9420|1154|1087
20100311|113000|000002J|Ú∆A|9430|1088|1025
20100311|130100|000002J|Ú∆A|9410|3476|3276
20100311|130200|000002J|Ú∆A|9430|1448|1364
20100311|130300|000002J|Ú∆A|9420|1486|1401
20100311|130400|000002J|Ú∆A|9440|1599|1510
20100311|130500|000002J|Ú∆A|9450|2635|2490
20100311|130600|000002J|Ú∆A|9440|1463|1382
20100311|130700|000002J|Ú∆A|9450|902|853
20100311|130800|000002J|Ú∆A|9440|1450|1369
20100311|130900|000002J|Ú∆A|9440|2609|2463
20100311|131000|000002J|Ú∆A|9430|1994|1882
20100311|131100|000002J|Ú∆A|9420|1470|1386
20100311|131200|000002J|Ú∆A|9430|1878|1772
20100311|131300|000002J|Ú∆A|9430|1287|1214
20100311|131400|000002J|Ú∆A|9430|1075|1014
20100311|131500|000002J|Ú∆A|9430|1658|1563
20100311|131600|000002J|Ú∆A|9430|1517|1431
20100311|131700|000002J|Ú∆A|9430|1693|1597
20100311|131800|000002J|Ú∆A|9450|2496|2357
20100311|131900|000002J|Ú∆A|9450|1619|1529
20100311|132000|000002J|Ú∆A|9450|571|540
20100311|132100|000002J|Ú∆A|9460|1030|974
20100311|132200|000002J|Ú∆A|9460|1829|1730
20100311|132300|000002J|Ú∆A|9450|690|653
20100311|132400|000002J|Ú∆A|9460|572|540
20100311|132500|000002J|Ú∆A|9470|738|699
20100311|132600|000002J|Ú∆A|9460|965|914
20100311|132700|000002J|Ú∆A|9480|2208|2091
20100311|132800|000002J|Ú∆A|9490|3795|3598
20100311|132900|000002J|Ú∆A|9490|2145|2034
20100311|133000|000002J|Ú∆A|9490|1485|1410
20100311|133100|000002J|Ú∆A|9490|8815|8372
20100311|133200|000002J|Ú∆A|9510|3446|3274
20100311|133300|000002J|Ú∆A|9510|3260|3100
20100311|133400|000002J|Ú∆A|9510|2552|2427
20100311|133500|000002J|Ú∆A|9520|1507|1434
20100311|133600|000002J|Ú∆A|9510|1075|1023
20100311|133700|000002J|Ú∆A|9530|3636|3462
20100311|133800|000002J|Ú∆A|9520|3652|3479
20100311|133900|000002J|Ú∆A|9520|2477|2359
20100311|134000|000002J|Ú∆A|9510|1358|1292
20100311|134100|000002J|Ú∆A|9510|2512|2390
20100311|134200|000002J|Ú∆A|9500|1358|1291
20100311|134300|000002J|Ú∆A|9500|1005|955
20100311|134400|000002J|Ú∆A|9500|2089|1985
20100311|134500|000002J|Ú∆A|9500|1654|1571
20100311|134600|000002J|Ú∆A|9500|1728|1642
20100311|134700|000002J|Ú∆A|9510|2005|1905
20100311|134800|000002J|Ú∆A|9500|899|855
20100311|134900|000002J|Ú∆A|9510|2565|2439
20100311|135000|000002J|Ú∆A|9500|6017|5717
20100311|135100|000002J|Ú∆A|9510|1429|1358
20100311|135200|000002J|Ú∆A|9520|4641|4416
20100311|135300|000002J|Ú∆A|9520|1776|1693
20100311|135400|000002J|Ú∆A|9540|6324|6032
20100311|135500|000002J|Ú∆A|9540|1457|1390
20100311|135600|000002J|Ú∆A|9540|3038|2897
20100311|135700|000002J|Ú∆A|9530|941|897
20100311|135800|000002J|Ú∆A|9530|1961|1868
20100311|135900|000002J|Ú∆A|9530|2099|2001
20100311|140000|000002J|Ú∆A|9530|895|852
20100311|140100|000002J|Ú∆A|9520|1067|1017
20100311|140200|000002J|Ú∆A|9520|1725|1642
20100311|140300|000002J|Ú∆A|9520|688|655
20100311|140400|000002J|Ú∆A|9520|2498|2379
20100311|140500|000002J|Ú∆A|9520|2171|2068
20100311|140600|000002J|Ú∆A|9520|3417|3256
20100311|140700|000002J|Ú∆A|9520|2273|2165
20100311|140800|000002J|Ú∆A|9530|1864|1775
20100311|140900|000002J|Ú∆A|9520|1328|1264
20100311|141000|000002J|Ú∆A|9510|974|927
20100311|141100|000002J|Ú∆A|9510|921|876
20100311|141200|000002J|Ú∆A|9500|468|445
20100311|141300|000002J|Ú∆A|9520|861|818
20100311|141400|000002J|Ú∆A|9520|1220|1162
20100311|141500|000002J|Ú∆A|9510|707|673
20100311|141600|000002J|Ú∆A|9520|2980|2837
20100311|141700|000002J|Ú∆A|9520|1918|1828
20100311|141800|000002J|Ú∆A|9520|1595|1518
20100311|141900|000002J|Ú∆A|9520|1528|1456
20100311|142000|000002J|Ú∆A|9530|1257|1196
20100311|142100|000002J|Ú∆A|9520|1185|1129
20100311|142200|000002J|Ú∆A|9520|2871|2734
20100311|142300|000002J|Ú∆A|9510|2581|2456
20100311|142400|000002J|Ú∆A|9510|2388|2270
20100311|142500|000002J|Ú∆A|9490|3261|3098
20100311|142600|000002J|Ú∆A|9490|1437|1365
20100311|142700|000002J|Ú∆A|9480|748|709
20100311|142800|000002J|Ú∆A|9490|1653|1569
20100311|142900|000002J|Ú∆A|9490|1595|1514
20100311|143000|000002J|Ú∆A|9490|676|641
20100311|143100|000002J|Ú∆A|9510|2948|2800
20100311|143200|000002J|Ú∆A|9500|1472|1399
20100311|143300|000002J|Ú∆A|9500|754|716
20100311|143400|000002J|Ú∆A|9490|2933|2784
20100311|143500|000002J|Ú∆A|9490|841|798
20100311|143600|000002J|Ú∆A|9490|518|492
20100311|143700|000002J|Ú∆A|9490|1415|1344
20100311|143800|000002J|Ú∆A|9500|2128|2021
20100311|143900|000002J|Ú∆A|9500|1820|1729
20100311|144000|000002J|Ú∆A|9500|1963|1864
20100311|144100|000002J|Ú∆A|9500|3895|3700
20100311|144200|000002J|Ú∆A|9510|2594|2466
20100311|144300|000002J|Ú∆A|9510|1985|1887
20100311|144400|000002J|Ú∆A|9510|1965|1868
20100311|144500|000002J|Ú∆A|9500|3127|2972
20100311|144600|000002J|Ú∆A|9510|2098|1994
20100311|144700|000002J|Ú∆A|9510|1971|1874
20100311|144800|000002J|Ú∆A|9500|2035|1934
20100311|144900|000002J|Ú∆A|9500|1258|1196
20100311|145000|000002J|Ú∆A|9500|1644|1562
20100311|145100|000002J|Ú∆A|9510|3723|3539
20100311|145200|000002J|Ú∆A|9500|2891|2748
20100311|145300|000002J|Ú∆A|9500|2115|2009
20100311|145400|000002J|Ú∆A|9510|2807|2668
20100311|145500|000002J|Ú∆A|9500|2516|2391
20100311|145600|000002J|Ú∆A|9490|1474|1400
20100311|145700|000002J|Ú∆A|9490|4331|4115
20100311|145800|000002J|Ú∆A|9500|12|11
20100311|145800|000002J|Ú∆A|9500|0|0
20100311|150000|000002J|Ú∆A|9500|4881|4637
