20100310|092600|000001K|上证指数|3069141|371127|416106
20100310|093100|000001K|上证指数|3062931|770891|854604
20100310|093200|000001K|上证指数|3062124|470009|536632
20100310|093300|000001K|上证指数|3063388|518300|567736
20100310|093400|000001K|上证指数|3068180|507593|574097
20100310|093500|000001K|上证指数|3068943|544549|610478
20100310|093600|000001K|上证指数|3071003|639688|712438
20100310|093700|000001K|上证指数|3072188|594697|676106
20100310|093800|000001K|上证指数|3071951|575673|637133
20100310|093900|000001K|上证指数|3071667|531739|592274
20100310|094000|000001K|上证指数|3071560|522878|580113
20100310|094100|000001K|上证指数|3070961|486077|540346
20100310|094200|000001K|上证指数|3069659|458065|523655
20100310|094300|000001K|上证指数|3067974|527602|560815
20100310|094400|000001K|上证指数|3066908|544164|617199
20100310|094500|000001K|上证指数|3065731|483722|535291
20100310|094600|000001K|上证指数|3065908|506317|541079
20100310|094700|000001K|上证指数|3064664|447393|507014
20100310|094800|000001K|上证指数|3065072|457744|517794
20100310|094900|000001K|上证指数|3065705|445113|514936
20100310|095000|000001K|上证指数|3066623|461222|504595
20100310|095100|000001K|上证指数|3069299|470670|516089
20100310|095200|000001K|上证指数|3071210|433827|478297
20100310|095300|000001K|上证指数|3074054|499458|528176
20100310|095400|000001K|上证指数|3076101|469893|524540
20100310|095500|000001K|上证指数|3076542|509674|570693
20100310|095600|000001K|上证指数|3077118|513810|571105
20100310|095700|000001K|上证指数|3079112|533358|596482
20100310|095800|000001K|上证指数|3081137|544901|580138
20100310|095900|000001K|上证指数|3081356|539108|610093
20100310|100000|000001K|上证指数|3080875|554967|599608
20100310|100100|000001K|上证指数|3080359|543164|583001
20100310|100200|000001K|上证指数|3080339|502495|548052
20100310|100300|000001K|上证指数|3080390|482219|544884
20100310|100400|000001K|上证指数|3081590|488988|538685
20100310|100500|000001K|上证指数|3083091|495123|535760
20100310|100600|000001K|上证指数|3084109|555098|628213
20100310|100700|000001K|上证指数|3085530|643553|675387
20100310|100800|000001K|上证指数|3083979|574671|653089
20100310|100900|000001K|上证指数|3083378|651842|703104
20100310|101000|000001K|上证指数|3081746|614116|650885
20100310|101100|000001K|上证指数|3080359|519399|573061
20100310|101200|000001K|上证指数|3079663|450062|500234
20100310|101300|000001K|上证指数|3079159|428495|474209
20100310|101400|000001K|上证指数|3078168|450200|478987
20100310|101500|000001K|上证指数|3077614|407231|449608
20100310|101600|000001K|上证指数|3076920|378605|420977
20100310|101700|000001K|上证指数|3077010|351011|410788
20100310|101800|000001K|上证指数|3076893|387034|404993
20100310|101900|000001K|上证指数|3075219|362246|403354
20100310|102000|000001K|上证指数|3075202|338160|393957
20100310|102100|000001K|上证指数|3075117|349336|391244
20100310|102200|000001K|上证指数|3075707|305030|354162
20100310|102300|000001K|上证指数|3076480|322079|380069
20100310|102400|000001K|上证指数|3075613|349720|412522
20100310|102500|000001K|上证指数|3072983|523870|578916
20100310|102600|000001K|上证指数|3068959|648698|690125
20100310|102700|000001K|上证指数|3065986|700306|782001
20100310|102800|000001K|上证指数|3063703|638707|704410
20100310|102900|000001K|上证指数|3063128|570832|613450
20100310|103000|000001K|上证指数|3063260|478851|511537
20100310|103100|000001K|上证指数|3063813|411225|468104
20100310|103200|000001K|上证指数|3066425|377000|434309
20100310|103300|000001K|上证指数|3066984|400635|441491
20100310|103400|000001K|上证指数|3067828|328401|387388
20100310|103500|000001K|上证指数|3067678|328471|391044
20100310|103600|000001K|上证指数|3067293|299389|357793
20100310|103700|000001K|上证指数|3066208|278122|324754
20100310|103800|000001K|上证指数|3065951|310236|345424
20100310|103900|000001K|上证指数|3065725|294796|343166
20100310|104000|000001K|上证指数|3065006|310080|378994
20100310|104100|000001K|上证指数|3063319|348060|383732
20100310|104200|000001K|上证指数|3062046|384375|425860
20100310|104300|000001K|上证指数|3060937|421967|490880
20100310|104400|000001K|上证指数|3059642|433522|488002
20100310|104500|000001K|上证指数|3059377|473491|494817
20100310|104600|000001K|上证指数|3059493|424054|475591
20100310|104700|000001K|上证指数|3059147|375702|416935
20100310|104800|000001K|上证指数|3061583|359995|388072
20100310|104900|000001K|上证指数|3064230|356600|388028
20100310|105000|000001K|上证指数|3065293|336552|366005
20100310|105100|000001K|上证指数|3066670|278420|337411
20100310|105200|000001K|上证指数|3067511|264150|307635
20100310|105300|000001K|上证指数|3066478|251442|277516
20100310|105400|000001K|上证指数|3065986|235731|273259
20100310|105500|000001K|上证指数|3066294|253399|270903
20100310|105600|000001K|上证指数|3066985|224626|261533
20100310|105700|000001K|上证指数|3068087|282495|294998
20100310|105800|000001K|上证指数|3069879|271453|317171
20100310|105900|000001K|上证指数|3069953|281384|326853
20100310|110000|000001K|上证指数|3070000|272550|325353
20100310|110100|000001K|上证指数|3070833|258199|305044
20100310|110200|000001K|上证指数|3068651|252441|287539
20100310|110300|000001K|上证指数|3068318|293506|317225
20100310|110400|000001K|上证指数|3067275|215479|257841
20100310|110500|000001K|上证指数|3066921|203456|238296
20100310|110600|000001K|上证指数|3067263|214857|238665
20100310|110700|000001K|上证指数|3066798|202209|228809
20100310|110800|000001K|上证指数|3067494|213586|224437
20100310|110900|000001K|上证指数|3067188|200751|231729
20100310|111000|000001K|上证指数|3066866|246506|275816
20100310|111100|000001K|上证指数|3065516|310133|321149
20100310|111200|000001K|上证指数|3063550|323241|344125
20100310|111300|000001K|上证指数|3062429|337226|378216
20100310|111400|000001K|上证指数|3060690|298319|332767
20100310|111500|000001K|上证指数|3060646|248437|281743
20100310|111600|000001K|上证指数|3060971|232783|280690
20100310|111700|000001K|上证指数|3060998|221278|254089
20100310|111800|000001K|上证指数|3061478|210374|246954
20100310|111900|000001K|上证指数|3061437|230387|249918
20100310|112000|000001K|上证指数|3062495|214514|255868
20100310|112100|000001K|上证指数|3061947|235763|269264
20100310|112200|000001K|上证指数|3060909|288769|315486
20100310|112300|000001K|上证指数|3059619|363323|403048
20100310|112400|000001K|上证指数|3057618|438668|497939
20100310|112500|000001K|上证指数|3054572|487015|499981
20100310|112600|000001K|上证指数|3053992|479196|514159
20100310|112700|000001K|上证指数|3053405|446675|499842
20100310|112800|000001K|上证指数|3051919|392232|431849
20100310|112900|000001K|上证指数|3052161|351014|398353
20100310|113000|000001K|上证指数|3052540|299171|333141
20100310|130100|000001K|上证指数|3051964|803451|853742
20100310|130200|000001K|上证指数|3051165|192100|235624
20100310|130300|000001K|上证指数|3052057|205052|226896
20100310|130400|000001K|上证指数|3052008|195202|219737
20100310|130500|000001K|上证指数|3054169|211607|232293
20100310|130600|000001K|上证指数|3055268|196705|213429
20100310|130700|000001K|上证指数|3055444|188473|225268
20100310|130800|000001K|上证指数|3055167|185796|224642
20100310|130900|000001K|上证指数|3055169|215522|230953
20100310|131000|000001K|上证指数|3054747|195402|227773
20100310|131100|000001K|上证指数|3054339|235136|248560
20100310|131200|000001K|上证指数|3054058|244668|258135
20100310|131300|000001K|上证指数|3053642|245359|264880
20100310|131400|000001K|上证指数|3052779|261377|308977
20100310|131500|000001K|上证指数|3052799|254085|306205
20100310|131600|000001K|上证指数|3053983|275205|312110
20100310|131700|000001K|上证指数|3054778|252298|311236
20100310|131800|000001K|上证指数|3056842|258017|299586
20100310|131900|000001K|上证指数|3058106|274223|310983
20100310|132000|000001K|上证指数|3059356|306683|315411
20100310|132100|000001K|上证指数|3058735|281009|299336
20100310|132200|000001K|上证指数|3059424|261339|327534
20100310|132300|000001K|上证指数|3058769|229473|270172
20100310|132400|000001K|上证指数|3058812|215517|250433
20100310|132500|000001K|上证指数|3058280|190417|230289
20100310|132600|000001K|上证指数|3057515|204341|232875
20100310|132700|000001K|上证指数|3056538|190621|236779
20100310|132800|000001K|上证指数|3056342|202233|235447
20100310|132900|000001K|上证指数|3055949|221310|241220
20100310|133000|000001K|上证指数|3054219|208958|237816
20100310|133100|000001K|上证指数|3054096|215189|246730
20100310|133200|000001K|上证指数|3053272|308787|291370
20100310|133300|000001K|上证指数|3051099|354332|362148
20100310|133400|000001K|上证指数|3050339|440864|465741
20100310|133500|000001K|上证指数|3046790|513809|554092
20100310|133600|000001K|上证指数|3045170|529386|558602
20100310|133700|000001K|上证指数|3043995|483729|520987
20100310|133800|000001K|上证指数|3044322|435482|475747
20100310|133900|000001K|上证指数|3045290|348266|393854
20100310|134000|000001K|上证指数|3045790|303645|356480
20100310|134100|000001K|上证指数|3047090|299072|344039
20100310|134200|000001K|上证指数|3046209|292981|347359
20100310|134300|000001K|上证指数|3044607|385956|443973
20100310|134400|000001K|上证指数|3042231|498509|541305
20100310|134500|000001K|上证指数|3039919|635861|695022
20100310|134600|000001K|上证指数|3037071|759069|765215
20100310|134700|000001K|上证指数|3035761|670115|718853
20100310|134800|000001K|上证指数|3035060|599117|651174
20100310|134900|000001K|上证指数|3037574|481262|503272
20100310|135000|000001K|上证指数|3037609|367200|411307
20100310|135100|000001K|上证指数|3039199|358331|385286
20100310|135200|000001K|上证指数|3040314|306132|341390
20100310|135300|000001K|上证指数|3040714|302767|335570
20100310|135400|000001K|上证指数|3040691|283592|305540
20100310|135500|000001K|上证指数|3041103|276972|302705
20100310|135600|000001K|上证指数|3040907|260393|309704
20100310|135700|000001K|上证指数|3041312|278168|296235
20100310|135800|000001K|上证指数|3042192|268849|290593
20100310|135900|000001K|上证指数|3043158|282986|302648
20100310|140000|000001K|上证指数|3043664|311180|313674
20100310|140100|000001K|上证指数|3043855|297615|325420
20100310|140200|000001K|上证指数|3042286|328128|351417
20100310|140300|000001K|上证指数|3041291|315576|344323
20100310|140400|000001K|上证指数|3039639|330489|388145
20100310|140500|000001K|上证指数|3039473|343455|379396
20100310|140600|000001K|上证指数|3037828|312636|352209
20100310|140700|000001K|上证指数|3038158|278381|314175
20100310|140800|000001K|上证指数|3039328|251074|288374
20100310|140900|000001K|上证指数|3040247|264184|306387
20100310|141000|000001K|上证指数|3040769|265632|310386
20100310|141100|000001K|上证指数|3042059|281743|301244
20100310|141200|000001K|上证指数|3042665|267174|289044
20100310|141300|000001K|上证指数|3042177|301870|313036
20100310|141400|000001K|上证指数|3042356|319140|319491
20100310|141500|000001K|上证指数|3043041|284887|310538
20100310|141600|000001K|上证指数|3043271|262254|289342
20100310|141700|000001K|上证指数|3044133|291738|302956
20100310|141800|000001K|上证指数|3045404|280453|299810
20100310|141900|000001K|上证指数|3046704|307890|342642
20100310|142000|000001K|上证指数|3048658|351704|365624
20100310|142100|000001K|上证指数|3049421|401634|425789
20100310|142200|000001K|上证指数|3050987|401408|421165
20100310|142300|000001K|上证指数|3051469|382750|420299
20100310|142400|000001K|上证指数|3050972|338658|361620
20100310|142500|000001K|上证指数|3049785|309032|343651
20100310|142600|000001K|上证指数|3048488|263331|294074
20100310|142700|000001K|上证指数|3047815|323552|317796
20100310|142800|000001K|上证指数|3047047|343781|320876
20100310|142900|000001K|上证指数|3048089|350862|294968
20100310|143000|000001K|上证指数|3048552|307512|332886
20100310|143100|000001K|上证指数|3049171|318307|343993
20100310|143200|000001K|上证指数|3050244|366783|403315
20100310|143300|000001K|上证指数|3051474|437300|454936
20100310|143400|000001K|上证指数|3051354|411362|452946
20100310|143500|000001K|上证指数|3052359|400336|412276
20100310|143600|000001K|上证指数|3052241|390468|410813
20100310|143700|000001K|上证指数|3052105|349379|392885
20100310|143800|000001K|上证指数|3051982|345046|360389
20100310|143900|000001K|上证指数|3050314|345571|350562
20100310|144000|000001K|上证指数|3049163|349976|354898
20100310|144100|000001K|上证指数|3048338|379467|409108
20100310|144200|000001K|上证指数|3048285|296538|324507
20100310|144300|000001K|上证指数|3047719|371592|388228
20100310|144400|000001K|上证指数|3046790|300541|335526
20100310|144500|000001K|上证指数|3047381|347948|389818
20100310|144600|000001K|上证指数|3047313|362132|385904
20100310|144700|000001K|上证指数|3047459|401214|425507
20100310|144800|000001K|上证指数|3047271|389203|419611
20100310|144900|000001K|上证指数|3046826|457632|499445
20100310|145000|000001K|上证指数|3046321|402213|477976
20100310|145100|000001K|上证指数|3046107|428668|461618
20100310|145200|000001K|上证指数|3045481|458416|512674
20100310|145300|000001K|上证指数|3045084|502384|555133
20100310|145400|000001K|上证指数|3044727|505442|564960
20100310|145500|000001K|上证指数|3045108|565684|627663
20100310|145600|000001K|上证指数|3045620|522137|579267
20100310|145700|000001K|上证指数|3046164|568706|605783
20100310|145800|000001K|上证指数|3047193|586271|656707
20100310|145900|000001K|上证指数|3047741|574876|646419
20100310|150000|000001K|上证指数|3048927|782198|827357
